# Trouble in Terrorist Town weapon/ammo placement overrides
# For map: cs_compound
# Exported by: Bad King Urgrain
setting:	replacespawns 1
weapon_ttt_glock	1883.8173 -566.6259 0.2950	-0.118 36.008 88.392
weapon_zm_pistol	897.7380 2242.7966 0.2643	-0.159 36.021 87.878
weapon_zm_pistol	1015.2643 2395.1660 0.3302	-0.639 37.435 90.954
weapon_zm_pistol	1051.7521 2434.0032 0.2625	-0.162 36.019 87.848
weapon_zm_pistol	1484.4983 1673.8444 23.7674	-1.647 31.958 88.279
weapon_ttt_glock	1444.6223 2921.0447 0.2937	-0.119 36.013 88.370
weapon_zm_pistol	1837.3788 -876.4826 0.2910	-0.123 36.013 88.324
weapon_zm_pistol	1727.9264 -476.2874 11.7954	-5.444 33.497 89.973
weapon_zm_pistol	2153.8970 -280.3384 54.0489	-0.137 23.480 88.154
weapon_ttt_glock	2312.5083 -675.3105 34.0625	-0.050 31.643 90.333
weapon_zm_pistol	2309.5259 -734.5618 34.6276	-0.055 35.236 90.160
weapon_zm_pistol	2325.2312 -239.9893 0.3735	0.418 46.968 90.645
weapon_ttt_glock	2632.6477 583.8844 4.2745	-0.145 36.019 88.049
item_ammo_pistol_ttt	3132.5029 1248.0815 8.3920	-0.093 -0.020 -0.028
item_ammo_pistol_ttt	3143.5273 1244.4275 8.3430	-0.136 -0.019 -0.041
item_ammo_pistol_ttt	3153.5530 1242.2303 8.4055	-0.081 -0.020 -0.025
item_ammo_pistol_ttt	1355.8966 1556.4039 52.8296	-2.294 -0.017 0.561
item_ammo_pistol_ttt	1341.6504 1554.0839 52.2334	-2.488 0.003 0.565
item_ammo_pistol_ttt	1335.3551 1552.3927 52.0779	-2.868 -0.211 0.562
item_ammo_pistol_ttt	1768.4734 1366.6309 51.8123	-1.113 -0.113 -0.733
item_ammo_pistol_ttt	1753.7465 1361.7906 51.6486	-1.090 -0.117 -0.735
item_ammo_pistol_ttt	1775.9022 1366.3047 52.0108	-2.247 0.375 -0.765
item_ammo_pistol_ttt	2143.0815 -940.3893 -0.2212	0.239 0.043 -0.604
item_ammo_pistol_ttt	2155.2361 -939.7273 -0.1948	0.206 0.063 -0.594
item_ammo_pistol_ttt	2168.8337 -935.9508 -0.2205	0.252 0.059 -0.603
item_ammo_pistol_ttt	1007.3750 905.4802 0.3543	-0.126 -0.019 -0.038
item_ammo_pistol_ttt	983.9089 904.3416 1.2941	-0.450 -0.583 -5.918
item_ammo_pistol_ttt	998.8434 909.4295 0.3382	-0.140 -0.019 -0.042
item_ammo_pistol_ttt	1530.4375 -801.5037 34.2226	0.068 0.021 -0.017
item_ammo_pistol_ttt	1526.8615 -780.9319 34.2691	-0.678 -0.141 -0.002
item_ammo_pistol_ttt	1538.8481 -791.0783 34.2527	-0.776 -0.101 0.115
item_ammo_pistol_ttt	2104.6472 588.8327 6.4621	-0.245 0.703 -0.317
item_ammo_pistol_ttt	2098.3191 589.6414 6.4298	-0.060 -0.020 -0.018
item_ammo_pistol_ttt	2092.2563 590.0693 6.4253	-0.538 0.312 -0.650
item_ammo_pistol_ttt	1545.6964 -1653.3997 1.5645	-0.437 -0.027 0.076
item_ammo_pistol_ttt	1553.6917 -1653.0645 1.6138	-0.418 -0.026 0.075
item_ammo_pistol_ttt	1560.6479 -1651.6001 1.7038	-0.341 -0.025 0.073
item_ammo_pistol_ttt	1881.7351 -538.5420 0.3521	-0.128 -0.019 -0.039
item_ammo_pistol_ttt	881.0634 2263.8552 0.3645	-0.274 59.983 -0.040
item_ammo_pistol_ttt	1008.7727 2419.4834 0.3645	-0.274 44.583 -0.040
item_ammo_pistol_ttt	1446.5024 1669.2816 58.9940	3.308 -0.258 -1.247
item_ammo_pistol_ttt	1237.4396 3138.2832 0.3727	-0.110 -0.019 -0.033
item_ammo_pistol_ttt	1244.4973 3148.9561 0.3951	-0.090 -0.020 -0.027
item_ammo_pistol_ttt	1812.1964 -859.7247 46.9884	-0.428 -0.488 -0.253
item_ammo_pistol_ttt	1792.0361 -859.5898 46.9585	0.006 -1.278 -0.084
item_ammo_pistol_ttt	2303.0608 -238.6349 0.4402	-0.151 0.390 -0.348
item_ammo_pistol_ttt	2315.8721 -238.6752 0.4396	-0.396 0.329 -0.513
weapon_zm_revolver	2426.6892 1670.3187 9.8882	2.467 -20.321 -83.195
weapon_zm_revolver	2398.4575 1708.8536 9.8869	2.468 -20.320 -83.165
weapon_zm_revolver	2333.2148 1776.3761 9.9046	2.452 -20.352 -83.562
weapon_zm_revolver	1697.2297 -1593.8049 17.8843	2.471 -20.318 -83.105
weapon_zm_revolver	1875.3812 -1594.8402 17.8957	2.460 -20.339 -83.362
weapon_zm_revolver	2348.0491 1628.4692 2.8386	2.725 -20.041 -83.914
ttt_random_weapon	3258.6213 1603.1522 16.0367	1.738 4.707 -92.910
ttt_random_weapon	3062.4360 955.8621 10.5016	2.028 6.505 -92.331
ttt_random_weapon	3588.2830 1475.9219 3.8811	2.068 2.646 -92.206
ttt_random_weapon	1863.4940 2801.5691 21.1300	1.834 0.097 -92.691
ttt_random_weapon	1848.0505 2777.4888 5.0293	1.834 2.510 -92.691
ttt_random_weapon	375.8333 -919.1995 9.7102	1.715 5.996 -92.965
ttt_random_weapon	351.9940 -1510.6639 25.0266	1.547 5.360 -93.348
ttt_random_weapon	2657.2178 -1555.6563 29.6562	2.592 3.215 -94.863
ttt_random_weapon	2084.7666 -1604.9716 45.3636	-2.485 -48.320 85.323
ttt_random_weapon	2181.4636 461.2956 15.9993	1.934 4.924 -92.462
ttt_random_weapon	1753.0389 659.6242 40.2699	-1.652 158.609 84.163
ttt_random_weapon	1765.1129 575.8444 36.8082	1.930 3.509 -92.663
ttt_random_weapon	1589.0555 465.5350 1.2162	1.692 4.925 -93.016
ttt_random_weapon	1576.5875 686.7610 1.2329	1.504 4.911 -93.448
ttt_random_weapon	1873.3109 383.2730 262.2970	1.836 3.834 -92.686
item_ammo_smg1_ttt	1645.1154 1455.5865 57.8574	-1.243 -0.049 -0.300
item_ammo_smg1_ttt	1677.2249 1446.9318 59.8121	11.628 -3.263 -0.283
item_ammo_smg1_ttt	2031.6688 440.9265 36.3917	0.109 -0.005 0.061
item_ammo_smg1_ttt	2013.8258 440.4090 36.3993	-0.152 0.005 0.090
item_ammo_smg1_ttt	2125.6365 -1513.6619 8.4775	0.503 -0.001 0.218
item_ammo_smg1_ttt	2122.4482 -1489.1859 8.4799	0.210 0.000 0.022
item_ammo_smg1_ttt	2325.4033 -366.8907 66.5395	0.508 0.401 0.501
item_ammo_smg1_ttt	2324.9839 -402.6975 66.5496	0.301 0.399 0.294
item_ammo_smg1_ttt	2478.5337 -845.6689 256.4306	0.757 -0.002 0.496
item_ammo_smg1_ttt	2479.4104 -875.7047 256.4157	0.338 -0.005 0.215
item_ammo_smg1_ttt	335.7247 -711.8696 0.5123	-0.288 0.012 -0.247
item_ammo_smg1_ttt	356.6474 -715.2948 0.4286	0.663 -0.003 0.433
item_ammo_smg1_ttt	3167.1772 1689.3599 98.2523	-18.180 0.468 16.548
item_ammo_smg1_ttt	3176.1655 1676.5953 103.2358	65.885 40.484 87.420
weapon_zm_shotgun	1954.7079 -1503.6262 165.8934	-1.789 9.566 92.357
weapon_zm_shotgun	2324.4592 -426.3297 8.8529	-60.646 16.906 -77.154
weapon_zm_shotgun	2096.2502 649.4221 7.9164	-49.343 -41.054 -84.526
weapon_zm_shotgun	1412.8013 1385.9185 56.1466	-1.380 8.894 85.056
weapon_zm_shotgun	2120.3535 2037.4579 9.2655	-0.246 8.298 83.650
weapon_zm_shotgun	2676.5032 676.1642 51.7162	0.208 -32.963 81.537
weapon_ttt_m16	3129.7429 1221.4482 9.1744	2.203 -8.225 84.416
weapon_ttt_m16	1320.0237 1526.7041 53.1463	0.435 -9.547 -84.354
weapon_ttt_m16	1761.1217 1342.0448 53.9837	1.646 9.345 -85.350
weapon_ttt_m16	2144.8633 -972.5856 1.2268	2.024 5.201 85.223
weapon_ttt_m16	978.4839 892.8381 0.9905	0.645 -8.571 82.934
weapon_ttt_m16	1540.9519 -774.2217 34.9241	2.113 8.688 84.717
weapon_ttt_m16	2072.9783 596.4783 8.4690	-69.731 -11.799 87.502
weapon_ttt_m16	1574.3474 -1673.4082 2.4507	1.801 -4.204 84.130
weapon_zm_molotov	1956.1271 -1735.7570 7.7747	-1.161 0.447 -2.142
weapon_zm_molotov	1547.4480 -951.8680 4.6518	4.145 0.031 -1.677
weapon_zm_molotov	1572.3243 382.9973 3.7403	2.465 0.079 3.808
weapon_zm_molotov	2319.6770 -337.8323 4.5805	2.953 -0.132 -3.054
weapon_zm_molotov	2369.8262 -872.9885 132.5063	0.271 0.003 0.057
weapon_zm_molotov	2486.8142 721.9737 6.9879	-0.004 -1.025 3.194
weapon_zm_molotov	1921.6576 434.8987 67.8327	-70.201 -122.379 -89.713
weapon_zm_molotov	1144.6987 1222.1931 5.8568	-0.999 -0.009 -1.485
weapon_zm_molotov	971.0093 -426.9343 4.5211	0.488 0.005 -0.180
weapon_zm_molotov	3226.4675 1625.5037 12.5755	3.011 -0.136 -3.099
weapon_zm_molotov	3539.6504 1415.5741 5.8282	0.454 0.697 1.309
weapon_zm_molotov	2717.2834 611.1027 5.8626	-0.179 0.482 2.451
weapon_zm_sledge	2486.0503 626.9417 7.1081	2.003 20.716 88.416
weapon_zm_sledge	3293.7302 -290.7982 10.1605	18.890 2.099 3.264
weapon_zm_sledge	1740.2615 -457.1461 17.3415	7.949 1.913 6.355
weapon_zm_sledge	753.7254 43.5787 4.4248	18.548 0.302 2.857
weapon_zm_sledge	1520.8112 -1235.2021 52.9108	19.070 2.264 5.500
item_box_buckshot_ttt	1956.3180 -1488.5656 166.7457	-0.475 1.410 6.831
item_box_buckshot_ttt	1967.5715 -1487.3542 166.9241	-0.201 1.056 6.065
item_box_buckshot_ttt	1981.0573 -1486.4518 166.9590	-0.585 1.396 6.930
item_box_buckshot_ttt	2324.6843 -393.9594 36.3814	-0.223 0.001 0.267
item_box_buckshot_ttt	2323.3054 -407.1246 36.3933	-0.966 -0.004 0.855
item_box_buckshot_ttt	2313.0254 -400.9132 36.3823	-0.371 0.001 0.385
item_box_buckshot_ttt	2101.5371 631.2676 36.3722	-0.747 -0.011 -0.551
item_box_buckshot_ttt	2103.0227 621.1995 36.4560	0.016 -0.043 0.026
item_box_buckshot_ttt	2095.5393 621.5945 36.4769	0.875 -0.021 0.261
item_box_buckshot_ttt	2088.2134 612.3796 36.4446	1.671 0.094 0.498
item_box_buckshot_ttt	1359.8650 1424.2537 55.1476	-0.840 -9.275 0.893
item_box_buckshot_ttt	1376.2903 1438.1232 55.5243	-0.156 0.044 1.487
item_box_buckshot_ttt	1368.6454 1417.4912 55.1851	0.534 -17.670 1.978
item_box_buckshot_ttt	2102.6292 2053.7368 8.4156	-0.759 -0.006 0.676
item_box_buckshot_ttt	2114.1252 2052.4141 8.3778	0.299 0.003 -0.156
item_box_buckshot_ttt	2124.6418 2054.8201 8.4149	-0.770 -0.005 0.683
item_box_buckshot_ttt	2685.7314 636.4003 50.8665	0.208 -0.004 -0.094
item_box_buckshot_ttt	2674.7053 644.4888 50.9947	-0.129 -4.281 -0.006
item_box_buckshot_ttt	2666.1343 656.6495 50.9572	0.129 5.385 0.660
ttt_random_ammo	2701.7043 2157.7427 8.3227	0.047 0.000 -0.033
ttt_random_ammo	2721.3848 2161.5408 8.3468	0.050 0.000 -0.017
ttt_random_ammo	2859.8662 2023.5725 8.4526	0.871 0.024 1.051
ttt_random_ammo	2852.3643 2002.7245 8.3468	0.050 0.000 -0.017
ttt_random_ammo	2972.5562 1883.6250 8.3512	0.052 0.000 -0.011
ttt_random_ammo	3125.5801 1730.3168 8.3490	0.051 0.000 -0.014
ttt_random_ammo	3038.1011 1033.3580 8.4181	1.570 0.041 1.892
ttt_random_ammo	3010.2854 1055.0222 8.3227	0.047 0.000 -0.033
ttt_random_ammo	3416.1279 1438.7120 8.3878	-0.247 -0.001 0.243
ttt_random_ammo	3418.1538 1411.6315 8.3673	0.083 0.000 0.034
ttt_random_ammo	4423.1304 1345.0774 2.9397	0.725 -0.049 0.150
ttt_random_ammo	4428.9717 1326.8358 2.8333	0.670 -0.045 0.168
ttt_random_ammo	4470.7871 1331.5067 2.4975	0.969 -0.040 0.079
ttt_random_ammo	3669.5171 543.6566 1.4020	0.343 -0.224 0.060
ttt_random_ammo	2588.0657 744.3842 3.6365	0.291 0.075 1.048
ttt_random_ammo	2557.1484 751.1982 3.8087	0.161 0.005 1.549
ttt_random_ammo	1317.0052 1680.6481 60.5848	-2.381 0.166 -6.652
ttt_random_ammo	1303.9607 1672.3134 60.4526	-5.478 -0.733 -0.340
ttt_random_ammo	1898.1693 2780.1941 0.3400	0.047 0.000 -0.023
ttt_random_ammo	1567.2529 2469.2156 0.1124	0.030 -0.114 -0.614
ttt_random_ammo	1546.2167 2480.5591 -0.0599	0.082 -0.119 -0.814
ttt_random_ammo	1677.5565 2287.1267 2.4871	0.062 0.505 -5.761
ttt_random_ammo	1015.6144 1083.1573 0.3710	0.099 0.000 0.056
ttt_random_ammo	990.1464 1087.2510 0.3512	0.053 0.000 -0.011
ttt_random_ammo	973.8755 -235.0454 0.3468	0.050 0.000 -0.017
ttt_random_ammo	977.5717 -406.5840 0.4454	1.091 0.028 1.324
ttt_random_ammo	335.8621 -1578.2500 0.3673	0.083 0.000 0.035
ttt_random_ammo	366.0997 -1565.1188 0.4148	1.739 0.031 2.108
ttt_random_ammo	964.2289 -1563.2728 0.4377	1.225 0.030 1.482
ttt_random_ammo	1607.9283 -1723.4091 1.7383	-0.366 0.161 0.023
ttt_random_ammo	1989.9424 -1729.9595 3.8541	-0.804 0.042 -0.155
ttt_random_ammo	2029.9780 -1720.1033 4.0749	-1.069 0.030 -0.122
ttt_random_ammo	2033.5918 -1603.2650 35.8167	-1.277 0.028 -1.806
ttt_random_ammo	2005.6869 -1607.3409 35.7488	0.044 0.000 -0.012
ttt_random_ammo	1939.3090 -1406.8251 16.3615	0.067 0.000 0.012
ttt_random_ammo	2345.5105 -941.5348 0.0842	0.048 -0.066 -0.857
ttt_random_ammo	2314.6479 -701.0604 34.1779	0.351 -2.764 -0.039
ttt_random_ammo	2314.4412 -753.9260 33.4314	-0.066 0.000 0.314
ttt_random_ammo	2368.5005 -545.0425 0.3533	0.055 0.000 -0.007
ttt_random_ammo	2390.0559 -552.3217 0.3468	0.050 0.000 -0.017
ttt_random_ammo	1546.2773 781.0856 0.3328	0.046 0.000 -0.028
ttt_random_ammo	1567.0913 781.0283 0.3745	0.122 0.000 0.085
ttt_random_ammo	1902.8101 783.0622 20.3057	0.703 -0.206 0.144
ttt_random_ammo	2096.0605 645.4901 256.3353	0.047 -0.000 0.027
ttt_random_ammo	2066.2178 641.9395 256.3468	0.050 0.000 -0.017
ttt_random_ammo	1555.0712 750.3245 256.3376	0.047 0.000 -0.025
ttt_random_ammo	1585.9696 750.4844 256.3328	0.047 0.000 -0.028
ttt_random_ammo	1588.9369 774.4254 256.3635	0.072 0.000 0.019
ttt_random_ammo	1555.8201 781.5780 256.4505	0.964 0.026 1.168
ttt_random_ammo	1811.7212 446.7971 104.3867	0.308 0.002 0.319
ttt_random_ammo	1975.1910 -219.5338 256.3654	0.078 -0.000 -0.027
ttt_random_ammo	1974.0558 -230.7002 256.4149	1.749 -0.032 -2.125
ttt_random_ammo	1532.5522 -319.8966 258.3615	0.067 0.000 0.012
ttt_random_ammo	1550.5658 -310.5065 258.3912	0.553 0.004 0.618
ttt_random_ammo	1902.0253 -1615.1583 16.3635	0.071 0.000 0.018
ttt_random_ammo	1880.0656 -1612.1870 16.3635	0.072 0.000 0.019
ttt_random_ammo	1557.6969 -1616.1140 16.4387	1.146 -0.029 -1.384
ttt_random_ammo	1547.8051 -1416.6674 16.3554	0.057 -0.000 0.004
ttt_random_ammo	1580.7156 -1404.2264 16.3794	0.167 0.001 0.143
ttt_random_ammo	2149.4539 -1420.6482 8.3802	-0.153 -0.001 0.126
ttt_random_ammo	2149.3125 -1397.7219 8.3686	-0.083 -0.000 0.035
ttt_random_ammo	3266.5940 -311.6265 5.8955	-1.096 0.012 -1.134
ttt_random_ammo	3217.6350 -313.8784 5.0392	-0.031 0.008 -2.456
ttt_random_ammo	3472.4685 -460.6468 13.5708	-4.585 0.071 0.342
weapon_zm_mac10	1657.2566 1452.6357 59.0091	-1.117 -31.173 -88.484
weapon_zm_mac10	2020.9082 455.8092 7.3820	0.284 -40.547 -88.418
weapon_zm_mac10	2141.5068 -1484.7081 9.2664	-0.063 -37.568 -88.537
weapon_zm_mac10	2307.0630 -372.8641 90.9747	0.252 -81.154 87.748
weapon_zm_mac10	2470.7805 -826.6469 257.2827	-0.112 -17.381 -88.440
weapon_zm_mac10	365.3477 -674.1140 1.2587	-0.189 -37.647 -88.544
weapon_zm_mac10	3179.4707 1705.5201 99.4931	-0.799 -42.409 -88.405
item_ammo_357_ttt	2894.3076 1023.3296 46.4316	-0.510 0.261 2.232
item_ammo_357_ttt	2882.5435 1020.6448 46.0437	-0.357 0.268 2.475
item_ammo_357_ttt	2874.2524 1020.8286 45.9231	-0.453 0.266 2.323
item_ammo_357_ttt	2629.3284 2249.3379 98.4291	0.467 0.055 0.026
item_ammo_357_ttt	2621.0420 2241.4268 98.4952	0.641 -0.018 -0.042
item_ammo_357_ttt	2612.1890 2234.5369 98.4571	0.654 0.430 -0.073
item_ammo_357_ttt	306.7074 1318.5460 0.3853	0.461 0.056 0.034
item_ammo_357_ttt	1881.9501 -1408.6881 16.3482	0.454 0.062 0.049
item_ammo_357_ttt	1870.4818 -1409.5042 16.3386	0.452 0.065 0.053
item_ammo_357_ttt	1894.0316 -1409.0088 16.3637	0.457 0.058 0.043
item_ammo_357_ttt	2324.1694 -356.1886 36.3002	0.740 -0.121 -0.038
item_ammo_357_ttt	2318.1006 -366.3474 36.4380	1.187 -0.274 -0.958
item_ammo_357_ttt	2309.4573 -356.3057 36.4276	1.152 -0.023 -1.079
item_ammo_357_ttt	1953.5057 429.5575 36.3588	0.456 0.062 0.044
item_ammo_357_ttt	1945.6726 429.0885 36.3730	0.459 0.059 0.038
item_ammo_357_ttt	1934.6345 429.8597 36.3759	0.460 0.058 0.037
item_ammo_357_ttt	1109.5844 1041.6940 50.3153	0.364 -0.383 1.324
item_ammo_357_ttt	1122.1986 1042.8005 50.4228	0.443 -0.373 1.257
item_ammo_357_ttt	1132.1694 1043.0553 50.3116	0.333 -0.395 1.350
item_ammo_357_ttt	357.9706 524.1989 0.3148	0.447 0.073 0.062
item_ammo_357_ttt	308.5776 -11.0715 0.3171	0.448 0.073 0.061
item_ammo_revolver_ttt	2390.7493 1685.4546 8.3604	0.456 -54.502 0.044
item_ammo_revolver_ttt	2345.6479 1733.7094 8.3604	0.456 -52.082 0.044
item_ammo_revolver_ttt	2321.8782 1758.4073 8.3604	0.456 -59.562 0.044
item_ammo_revolver_ttt	1827.9666 -1610.8329 16.3983	0.464 0.055 0.029
item_ammo_revolver_ttt	1778.3148 -1609.5509 16.3500	0.454 0.062 0.048
item_ammo_revolver_ttt	1734.1823 -1613.3822 16.3983	0.464 0.055 0.029
item_ammo_revolver_ttt	1706.4132 -1610.7130 16.3194	0.448 0.073 0.060
item_ammo_revolver_ttt	1685.5172 -1611.8298 16.3425	0.453 0.062 0.051
item_ammo_revolver_ttt	2342.1172 1648.5795 1.2496	0.553 -0.137 -0.046
item_ammo_revolver_ttt	2122.5984 1571.3247 4.6240	1.844 -0.059 0.005
ttt_playerspawn	3037.7290 1776.2430 8.3798	0.010 -0.000 -0.010
ttt_playerspawn	4125.4443 1519.8912 8.3795	-0.027 -0.000 0.027
ttt_playerspawn	2066.8379 2716.2634 8.4174	-0.022 -0.000 0.022
ttt_playerspawn	438.5318 2021.2295 0.3816	-0.027 -0.000 0.027
ttt_playerspawn	478.2014 65.9681 0.4287	-0.018 -0.000 0.018
ttt_playerspawn	498.2202 -1405.7491 0.3515	0.013 -0.000 -0.013
ttt_playerspawn	1548.8043 -2157.0581 19.1237	1.268 -0.029 -2.645
ttt_playerspawn	3340.2476 -819.1696 5.2819	-1.166 0.012 0.705
ttt_playerspawn	3350.8750 324.5307 1.4662	-0.267 0.001 -0.396
ttt_playerspawn	2421.1514 -817.2502 128.3736	-0.107 0.029 -0.032
ttt_playerspawn	2431.4172 -331.9526 256.4310	0.095 0.036 -0.083
ttt_playerspawn	1564.0697 -829.7256 258.4330	-0.016 -0.000 0.016
ttt_playerspawn	2244.3940 -317.4303 0.4083	-0.019 -0.000 0.019
ttt_playerspawn	1649.5293 -805.4113 0.4183	-0.017 -0.000 0.017
ttt_playerspawn	1929.1654 87.7763 256.3584	-0.034 -0.000 0.034
ttt_playerspawn	1579.5708 448.4846 256.3959	-0.030 -0.000 0.030
ttt_playerspawn	1804.8558 602.2912 0.3716	-0.028 -0.000 0.028
ttt_playerspawn	2557.7500 615.9232 4.4019	0.027 0.000 0.027
ttt_playerspawn	2015.6830 -1504.8595 16.4590	-0.009 -0.000 0.009
ttt_playerspawn	1640.7480 -1512.1854 16.4019	0.023 0.000 0.023
ttt_playerspawn	2005.3789 -964.1115 0.3851	-0.136 0.027 -0.066
ttt_playerspawn	793.9165 -523.9471 0.3898	-0.027 -0.000 0.027
ttt_playerspawn	1939.2535 93.7210 0.3815	-0.075 -0.036 0.017
ttt_playerspawn	1532.1960 1414.5980 14.5126	-0.252 0.080 4.340
weapon_zm_rifle	2853.0828 1036.6667 47.0169	1.563 13.053 68.601
weapon_zm_rifle	2595.4160 2254.4827 99.8524	-15.309 -10.667 86.499
weapon_zm_rifle	310.2217 1293.4099 1.3179	3.270 11.509 64.568
weapon_zm_rifle	1877.4470 -1448.9434 17.3744	3.325 10.911 65.248
weapon_zm_rifle	2294.5540 -379.8065 1.3789	3.324 105.867 65.310
weapon_zm_rifle	1928.4994 468.2235 9.6634	-67.631 -102.826 -110.619
weapon_zm_rifle	1115.0829 1021.4865 50.8925	3.003 12.829 66.183
weapon_ttt_smokegrenade	2357.6655 -950.5768 4.3848	0.623 0.682 -1.530
weapon_ttt_smokegrenade	3129.9705 -530.1163 9.5670	0.241 -0.459 -1.980
weapon_ttt_smokegrenade	2657.8005 544.0997 5.5614	-0.227 0.460 2.632
weapon_ttt_smokegrenade	1206.3518 1323.1014 6.5923	-0.170 0.145 -4.104
weapon_ttt_smokegrenade	2310.6975 -360.7548 10.5099	0.381 0.002 0.003
weapon_ttt_smokegrenade	1913.6970 452.3069 40.5074	0.354 0.002 0.038
weapon_ttt_smokegrenade	3390.6924 1421.0311 12.5234	0.555 0.007 -0.258
weapon_ttt_smokegrenade	1685.2474 2451.7053 12.5065	0.287 0.003 0.072
weapon_ttt_smokegrenade	1532.7396 1568.4557 28.2823	-3.242 1.063 -1.385
weapon_ttt_smokegrenade	364.6854 1540.2206 4.5188	0.435 0.004 -0.117
weapon_ttt_confgrenade	982.3462 1102.0725 3.5031	1.744 0.170 -0.446
weapon_ttt_confgrenade	2308.0593 -399.5477 9.5124	2.165 0.246 -0.646
weapon_ttt_confgrenade	3508.9170 -456.4511 18.9689	-4.017 -0.846 2.256
weapon_ttt_confgrenade	1820.5060 448.9388 9.5403	1.726 0.223 -0.515
weapon_ttt_confgrenade	1626.4381 -1990.7083 23.5682	-12.045 34.359 -96.182
