# Trouble in Terrorist Town weapon/ammo placement overrides
# For map: de_dust2
# Exported by: Bad King Urgrain
setting:	replacespawns 1
weapon_zm_pistol	728.6718 2382.7742 1.5367	1.251 -84.965 -88.100
weapon_zm_pistol	727.5557 2347.5632 1.5634	0.869 -90.044 -88.884
weapon_ttt_glock	728.1240 2364.6902 1.5516	0.854 -89.360 -88.653
weapon_zm_pistol	728.4958 2325.7622 1.5057	-0.598 -91.968 -91.918
weapon_zm_pistol	-803.7142 2455.9810 -74.6187	-1.162 -43.064 -95.093
weapon_zm_pistol	-841.2408 2431.4829 -29.3403	0.534 36.674 88.960
weapon_zm_pistol	-801.4393 2469.7910 -75.4698	-0.501 -42.225 -93.748
weapon_ttt_glock	-805.0349 2485.8369 -76.2122	2.222 -43.080 -101.297
weapon_ttt_glock	-802.9301 2499.4270 -77.5075	11.385 -53.667 -88.067
weapon_ttt_glock	-1254.7070 -273.0302 129.3751	0.598 88.534 91.967
weapon_zm_pistol	-1283.6293 -275.0370 129.8053	0.743 84.714 90.412
weapon_zm_pistol	-711.4120 -658.8181 143.6152	10.883 -99.725 -91.880
weapon_zm_pistol	-653.4659 -657.1681 145.0813	9.113 -93.114 -93.473
weapon_zm_pistol	-680.6706 -666.7559 142.9171	6.845 -64.830 -85.132
weapon_ttt_glock	-1626.7291 1631.7579 12.7025	-9.155 -36.312 -101.880
item_ammo_pistol_ttt	-2410.1646 540.9225 251.3038	89.335 49.090 153.027
item_ammo_pistol_ttt	-1580.1793 677.2563 32.4957	-0.082 85.183 -0.007
item_ammo_pistol_ttt	-1587.0818 689.0704 35.2890	89.479 -122.549 152.734
item_ammo_pistol_ttt	438.9295 1776.7507 0.3358	-0.142 -0.019 -0.043
item_ammo_pistol_ttt	448.3354 1778.2734 0.3430	-0.136 -0.019 -0.041
item_ammo_pistol_ttt	456.6022 1777.8560 0.3727	-0.110 -0.019 -0.033
item_ammo_pistol_ttt	1369.1599 3035.5369 131.3177	-4.528 1.472 2.490
item_ammo_pistol_ttt	1375.5131 3028.3096 131.0348	-5.298 1.028 1.793
item_ammo_pistol_ttt	1382.4508 3033.0662 131.7704	-6.361 0.044 5.540
item_ammo_pistol_ttt	1611.2911 1774.6666 20.8010	-7.935 0.100 -6.441
item_ammo_pistol_ttt	1597.1453 1775.9377 21.3939	-78.993 144.130 -146.505
item_ammo_pistol_ttt	907.8696 1137.9508 1.1887	0.594 -0.074 -0.134
item_ammo_pistol_ttt	926.2841 1138.0475 1.2271	-0.531 0.024 -0.175
item_ammo_pistol_ttt	-1847.1744 540.5800 67.4253	0.383 0.097 0.015
item_ammo_pistol_ttt	-1864.1416 541.4493 67.4172	-1.434 3.056 0.005
item_ammo_pistol_ttt	-1883.7717 540.3858 67.4182	-1.630 -0.232 -0.003
item_ammo_pistol_ttt	-1904.6100 542.7266 67.3994	0.972 -6.108 -0.004
item_ammo_pistol_ttt	-1828.3578 542.8710 67.4212	1.567 -0.867 0.002
item_ammo_pistol_ttt	1244.9009 1561.6331 0.8960	-1.070 -0.784 0.442
item_ammo_pistol_ttt	-967.7529 2524.2207 6.6455	-0.076 0.011 -0.014
item_ammo_pistol_ttt	-976.3862 2525.0513 6.6482	-0.072 0.025 0.004
item_ammo_pistol_ttt	-962.5604 2503.7275 6.6351	-0.143 -0.019 -0.035
item_ammo_pistol_ttt	-971.5245 2502.8865 6.6629	-0.120 -0.020 -0.030
item_ammo_pistol_ttt	-960.3546 2480.6821 6.7040	-0.085 -0.021 -0.021
item_ammo_pistol_ttt	-968.2506 2480.5315 6.7287	-0.063 -0.021 -0.016
item_ammo_pistol_ttt	563.2690 2316.5386 -23.6269	-0.013 -0.030 0.010
item_ammo_pistol_ttt	576.1396 2317.2922 -23.6288	-0.013 -0.030 0.010
item_ammo_pistol_ttt	586.4665 2317.0945 -23.6288	-0.013 -0.030 0.010
item_ammo_pistol_ttt	595.2385 2316.7979 -23.6661	-0.017 -0.027 0.013
item_ammo_pistol_ttt	607.9695 2316.2031 -23.6195	-0.012 -0.030 0.009
item_ammo_pistol_ttt	624.1958 2315.3303 -23.6568	0.133 0.019 -0.034
item_ammo_pistol_ttt	-1640.6398 1623.9497 13.6677	-0.513 -1.425 -15.672
weapon_zm_revolver	396.7409 -739.4183 2.5798	3.128 -21.507 -84.134
weapon_zm_revolver	-1196.9354 1446.4285 -110.0674	2.683 -21.384 -83.726
weapon_zm_revolver	-2189.7473 1269.6086 33.9304	2.529 -19.699 -83.961
weapon_zm_revolver	1298.1216 178.8736 -189.3168	2.337 -20.274 -83.251
ttt_random_weapon	-1759.3521 -93.4249 9.1666	4.087 8.741 -99.852
ttt_random_weapon	-1482.2776 25.3685 97.2097	1.766 4.772 -92.847
ttt_random_weapon	-1871.0789 562.3774 33.2229	1.617 4.988 -93.189
ttt_random_weapon	-2166.7048 1053.3507 33.2247	1.596 4.987 -93.236
ttt_random_weapon	-1629.6757 1776.2622 45.6543	6.022 -94.945 -90.721
ttt_random_weapon	-2068.1406 2485.0208 89.4978	1.946 4.720 -92.435
ttt_random_weapon	-2013.8911 3061.6077 33.1931	1.952 4.926 -92.420
ttt_random_weapon	-1395.2002 2631.8657 113.2201	1.648 4.764 -93.117
ttt_random_weapon	-869.9862 2399.6553 -72.8143	11.985 -11.024 83.419
ttt_random_weapon	560.3574 2373.7693 41.1621	2.199 3.681 -92.258
ttt_random_weapon	971.4834 2469.8445 97.2162	1.692 4.925 -93.016
ttt_random_weapon	-414.2661 -78.3824 4.4274	4.372 3.129 -94.793
ttt_random_weapon	-1746.2321 -286.3620 187.5096	1.814 4.712 -92.737
ttt_random_weapon	-1666.8544 -219.0021 187.5033	1.884 4.716 -92.576
ttt_random_weapon	-1748.6327 -217.3801 187.5041	1.876 4.716 -92.595
item_ammo_smg1_ttt	1750.1573 332.2719 64.5214	-0.220 0.014 -0.192
item_ammo_smg1_ttt	1735.0046 331.3220 64.4223	0.471 -0.004 0.304
item_ammo_smg1_ttt	1720.0380 331.2744 64.4265	0.591 -0.003 0.384
item_ammo_smg1_ttt	314.6708 471.7539 11.5577	6.327 92.879 -2.624
item_ammo_smg1_ttt	308.6640 451.8058 11.0432	-6.941 79.614 -6.599
item_ammo_smg1_ttt	-1376.0543 2789.1616 4.5781	0.474 -0.061 -0.715
item_ammo_smg1_ttt	-1395.2422 2790.0974 4.8780	1.713 0.088 -0.600
item_ammo_smg1_ttt	556.9012 2757.2959 96.4925	0.408 -0.436 -0.223
item_ammo_smg1_ttt	567.1762 2750.2212 101.9597	88.377 -3.871 -3.056
weapon_zm_shotgun	-2161.2212 -835.6136 131.1627	0.302 90.691 84.132
weapon_zm_shotgun	732.9931 1208.9833 2.2479	0.143 2.421 -89.169
weapon_zm_shotgun	1046.9342 260.8200 9.3966	-51.563 -168.590 -91.671
weapon_zm_shotgun	-605.4941 604.8636 20.1048	0.929 7.526 98.331
weapon_zm_shotgun	-230.2127 1496.9194 0.9838	-0.277 -5.119 -84.154
weapon_zm_shotgun	152.4442 -3.3761 7.2402	-1.921 -10.729 -87.300
weapon_ttt_m16	-1547.9999 673.6108 57.5076	13.606 1.301 86.442
weapon_ttt_m16	415.7296 1780.7474 8.1099	-63.498 72.148 90.489
weapon_ttt_m16	1382.8090 3059.8843 142.6193	-64.661 87.479 85.087
weapon_ttt_m16	-180.0496 2031.9033 -118.1414	-0.156 13.049 78.995
weapon_zm_molotov	-1163.1938 1201.1694 52.5670	3.169 -0.141 -3.256
weapon_zm_molotov	-1164.6108 1189.3126 52.5092	0.296 0.002 0.044
weapon_zm_molotov	976.8539 1199.7318 5.3707	3.331 -0.206 -3.191
weapon_zm_sledge	1215.5432 2463.6062 100.4025	18.519 2.331 2.353
weapon_zm_sledge	-1062.1416 -524.9152 134.4873	21.837 -72.109 5.625
item_box_buckshot_ttt	-2177.7134 -838.7662 130.0883	-0.628 0.171 -1.230
item_box_buckshot_ttt	-2178.5776 -826.0881 129.9122	-0.863 -0.135 -0.145
item_box_buckshot_ttt	-2178.9666 -812.3245 129.8490	-0.850 -0.149 -0.161
item_box_buckshot_ttt	760.6765 1198.0146 0.7781	3.082 0.258 -0.171
item_box_buckshot_ttt	760.8792 1186.8882 0.8582	2.947 0.187 -0.882
item_box_buckshot_ttt	751.6144 1190.6481 1.2049	3.108 -0.671 -0.490
item_box_buckshot_ttt	1024.9224 323.4442 8.3402	-55.091 34.418 -86.970
item_box_buckshot_ttt	1017.9465 320.2774 11.2934	-43.835 -140.725 176.867
item_box_buckshot_ttt	-228.8636 1519.5139 0.3825	-0.435 0.000 0.440
item_box_buckshot_ttt	-217.6938 1521.2628 0.3780	0.291 0.003 -0.149
item_box_buckshot_ttt	-602.9669 620.0853 19.5279	3.865 1.623 -6.451
item_box_buckshot_ttt	-590.8810 623.7179 18.7491	11.526 -0.064 -0.222
item_box_buckshot_ttt	756.2410 -8.5782 13.7281	-4.911 0.716 -3.652
item_box_buckshot_ttt	745.7963 24.3176 10.7218	-5.274 -0.084 -3.653
ttt_random_ammo	477.6956 1947.9167 96.4236	1.408 -0.032 -1.695
ttt_random_ammo	485.6498 1907.5170 96.3744	0.122 -0.000 -0.085
ttt_random_ammo	412.4770 1428.7065 96.3324	0.045 0.000 -0.032
ttt_random_ammo	337.7328 2660.7327 96.4218	1.559 0.040 1.887
ttt_random_ammo	328.0210 2629.9253 96.3728	0.108 0.000 0.067
ttt_random_ammo	314.3337 2592.9751 96.3468	0.049 0.000 -0.017
ttt_random_ammo	-1731.0209 -260.2885 186.6388	0.046 0.000 -0.033
ttt_random_ammo	-1719.0322 -208.2243 186.6339	0.046 0.000 -0.034
ttt_random_ammo	-1656.8082 -177.8812 186.6673	0.052 0.000 -0.009
ttt_random_ammo	-1787.2926 -423.3334 160.3445	0.047 0.000 -0.019
ttt_random_ammo	-1787.5483 -504.0341 160.4210	1.441 0.033 1.730
ttt_random_ammo	-1324.6268 583.5900 32.3907	0.546 -0.004 -0.609
ttt_random_ammo	-1324.0631 559.8354 32.3691	0.092 -0.000 -0.046
weapon_zm_mac10	1696.8029 329.2887 65.2619	-0.433 -173.737 -88.745
weapon_zm_mac10	-1364.2042 2750.1182 5.7098	-0.527 -1.114 85.983
weapon_zm_mac10	323.6132 459.7203 13.3952	-6.776 -29.211 -74.303
weapon_zm_mac10	568.2443 2785.2827 97.2476	-0.369 -37.728 -88.556
weapon_zm_mac10	-1770.5607 2479.9060 33.2621	-0.150 -38.539 -88.550
item_ammo_357_ttt	-500.1481 -183.6849 64.3521	0.444 0.057 0.042
item_ammo_357_ttt	-478.2488 -183.8668 64.3389	0.440 0.062 0.046
item_ammo_357_ttt	-462.2955 -183.4878 64.3389	0.440 0.062 0.046
item_ammo_357_ttt	673.3286 -99.4138 11.1971	-3.484 -0.269 -2.444
item_ammo_357_ttt	672.6716 -109.8972 11.5469	-3.375 -0.301 -2.415
item_ammo_357_ttt	-2080.3687 2910.0320 32.3325	0.451 0.065 0.055
item_ammo_357_ttt	-2089.9900 2909.7925 32.3283	0.450 0.068 0.057
item_ammo_357_ttt	754.0087 578.3424 0.7345	1.604 -0.149 -0.288
item_ammo_357_ttt	742.8610 578.7927 0.8132	0.397 -0.016 -0.800
item_ammo_357_ttt	736.3755 577.1413 0.8036	1.179 0.174 -0.612
item_ammo_357_ttt	319.1087 2716.1689 96.3406	0.452 0.065 0.052
item_ammo_revolver_ttt	407.6917 -757.9761 0.9484	2.299 0.381 -0.606
item_ammo_revolver_ttt	397.7336 -758.3026 1.1891	2.067 0.144 -0.952
item_ammo_revolver_ttt	-1204.3865 1427.5403 -111.6200	0.460 0.055 0.036
item_ammo_revolver_ttt	-1188.9775 1429.8346 -111.6147	0.461 0.054 0.034
item_ammo_revolver_ttt	-2192.0229 1249.0959 32.3324	0.450 0.063 0.056
item_ammo_revolver_ttt	-2182.7795 1249.1517 32.3365	0.451 0.063 0.054
item_ammo_revolver_ttt	1294.0309 193.4542 -190.8917	0.499 0.067 -0.012
ttt_playerspawn	190.6766 2441.3381 -125.0975	-0.113 -0.121 3.343
ttt_playerspawn	252.6558 2436.7483 -124.4203	-1.433 3.568 3.921
ttt_playerspawn	299.6334 2427.0879 -124.0182	-0.727 -2.372 5.017
ttt_playerspawn	354.1761 2421.2805 -124.2989	-0.016 0.598 4.325
ttt_playerspawn	398.5397 2427.9419 -123.7745	-0.171 -0.063 5.119
ttt_playerspawn	-101.0615 2261.0454 -126.4786	-0.354 1.575 -1.935
ttt_playerspawn	-37.3025 2019.1062 -124.9910	0.710 -0.431 1.870
ttt_playerspawn	276.2498 2069.3423 -125.5675	-0.178 0.136 -0.834
ttt_playerspawn	1654.8248 344.4026 64.4623	-0.007 -0.000 0.007
ttt_playerspawn	653.0362 1176.4332 4.5321	-0.101 -0.013 -0.983
ttt_playerspawn	664.8248 -159.6280 11.2146	-5.197 1.186 2.797
ttt_playerspawn	388.6783 -794.8075 3.3220	1.431 -0.348 -4.576
ttt_playerspawn	-627.5508 -817.4692 134.2786	0.718 0.030 1.868
ttt_playerspawn	-709.2874 -814.0463 133.9640	-1.969 -0.117 2.106
ttt_playerspawn	-770.5324 -812.8220 131.4095	-3.720 7.038 1.588
ttt_playerspawn	-2152.8506 -755.3904 129.9299	-1.468 0.017 -0.628
ttt_playerspawn	-1373.2407 -388.2099 131.9458	-1.660 0.219 0.179
ttt_playerspawn	-1311.8480 -383.0414 131.8081	2.001 -0.060 0.191
ttt_playerspawn	-1241.8046 -374.3667 129.6283	1.538 0.449 0.300
ttt_playerspawn	-1902.6931 624.2745 32.4079	-0.019 -0.000 0.019
ttt_playerspawn	-2185.9927 1200.4304 32.4375	-0.015 -0.000 0.015
ttt_playerspawn	-2057.3755 3005.6333 32.4108	-0.016 -0.000 0.016
ttt_playerspawn	484.3148 1770.3223 0.4054	-0.021 -0.000 0.021
ttt_playerspawn	-1204.4849 2546.5991 38.1054	3.128 -1.089 0.134
ttt_playerspawn	-485.1812 -384.5217 3.8460	-3.640 0.478 0.427
ttt_playerspawn	222.5289 455.4805 8.6778	-0.741 0.200 6.283
ttt_playerspawn	1435.2683 197.4531 -190.2853	-0.264 -0.002 0.268
ttt_playerspawn	1134.7413 2467.3552 96.4307	0.012 0.000 0.012
ttt_playerspawn	469.8128 2752.0779 96.4450	-0.012 -0.000 0.012
ttt_playerspawn	-116.4693 1533.6959 0.3691	0.025 0.000 0.025
ttt_playerspawn	-1191.0079 1338.4667 -111.6007	-0.024 -0.000 0.024
ttt_playerspawn	-645.1289 452.4956 7.2070	-0.666 0.185 -0.923
weapon_zm_rifle	-482.4247 -164.8578 65.3167	3.338 11.254 64.810
weapon_zm_rifle	670.0875 -87.6416 19.3612	-62.727 29.826 100.657
weapon_zm_rifle	340.9775 2721.2725 139.8305	7.024 5.815 68.628
weapon_ttt_smokegrenade	-1817.2633 2462.2656 36.5234	0.555 0.007 -0.258
weapon_ttt_smokegrenade	-1829.5365 2466.8491 36.6294	1.518 -0.114 -1.558
weapon_ttt_smokegrenade	155.6959 -152.5007 66.8931	2.746 -0.130 -2.800
weapon_ttt_smokegrenade	163.2581 -156.0487 66.8916	2.717 -0.129 -2.756
weapon_ttt_confgrenade	1651.0729 994.6019 67.5177	1.569 0.149 -0.401
weapon_ttt_confgrenade	1659.2935 994.2316 67.5052	1.718 0.158 -0.439
